 68.63 
 68.63 
 68.63 
 68.63 
 68.63 
 68.63 
 59.16 
 48.7 
 47.54 
 50.91 
 44.7 
 42.85 
 39.62 
 44.45 
 38.98 
 42.62 
 48.27 
 59.39 
 51.66 
 38.55 
 60.33 
 72.27 
 68.62 
 69.63 
 72.2 
 67.87 
 64.91001 
 53.85 
 37.96 
 23.23 
 12.68 
 9.84 
 7.82 
 11.78 
 10.22 
 12.19 
 18.6 
 26.97 
 22.52 
 19.18 
 17.14 
 18.61 
 20.02 
 22.65 
 38.99 
 76.55 
 87.99 
 99.8 
 96.69 
 87.45 
 88.57 
 97.43 
 99.99 
 94.88 
 86.99 
 79.73001 
 92.35 
 91.29 
 94.31 
 84.95 
 82.97 
 92.98001 
 81.06 
 62.37 
 52.99 
 39.53 
 42.9 
 33.76 
 40.97 
 60.5 
 66.61 
 80.38 
 95.86 
 97.74 
 80.24 
 73.44 
 65.67 
 47.81 
 33.51 
 34.22 
 32.95 
 32.55 
 46.92 
 44.64 
 53.02 
 41.98 
 30.43 
 24.43 
 18.05 
 20.98 
 12.37 
 12.03 
 12.41 
 15.89 
 20.46 
 26.95 
 30.29 
 26.21 
 23.34 
 25.55 
 25.4 
 24.16 
 23.34 
 24.38 
 27.2 
 29.18 
 43.3 
 53.92 
 59.76 
 64.52 
 65.84 
 70.19 
 75.27 
 77.63 
 76.96 
 77.7 
 85.13 
 99.33999 
 97.7 
 97.01999 
 98.83 
 99.8 
 96.74 
 93.54 
 82.08 
 71.51 
 49.61 
 41.76 
 59.78 
 90.97 
 85.26 
 100 
 98.5 
 98.7 
 93.1 
 79.37 
 81.97 
 55.94 
 50.39 
 48.64 
 40.12 
 63.04 
 60.51 
 78.72 
 71.37 
 76.43 
 71.25 
 56.46 
 41.84 
 41.24 
 35.28 
 39.86 
 45.13 
 53.8 
 77.54 
 80.02 
 81.28 
 73.58 
 66.06 
 59.46 
 59.49 
 51.9 
 35.21 
 39.65 
 31.9 
 61.56 
 88.25 
 96.46 
 83.94 
 89.05 
 92.97 
 98.29 
 99.79 
 94.01 
 87.06 
 80.46 
 74.86 
 67.18 
 73.85 
 80.15 
 69.45 
 50.39 
 31.68 
 31.25 
 23.11 
 11.32 
 8.96 
 6.03 
 11.7 
 34.63 
 58.31 
 58.66 
 72.62 
 85.76 
 94.29 
 92.76999 
 93.18 
 89.32 
 81.63 
 71.44 
 66.42 
 80.02 
 76.52 
 77.51 
 67.73001 
 50.52 
 48.97 
 50.64 
 38.73 
 30.79 
 23.75 
 26.28 
 36.67 
 68.91001 
 97.39 
 96.1 
 90.3 
 84.92 
 91.41001 
 92.54 
 98.04 
 99.96 
 88.83 
 83.07 
 86.32 
 99.83 
 96.62 
 99.94 
 96.89 
 85.12 
 77.97 
 67.38 
 44.5 
 26.72 
 13.25 
 10.64 
 23.83 
 29.18 
 26.91 
 20.09 
 22.33 
 22.07 
 26.2 
 29.81 
 30.1 
 24.25 
 25.3 
 23.5 
 35.62 
 52.11 
 56.79 
 69.09 
 86.64 
 99.28 
 98.48001 
 98.45 
 94.76999 
 93.58 
 78.07 
 66.88 
 77.04 
 88.72 
 94.88 
 99.67 
 100 
 99.9 
 96.91001 
 66.88 
 52.39 
 40.61 
 30.65 
 32.04 
 45.28 
 35 
 35.62 
 36.98 
 39.89 
 36.88 
 30.85 
 19.33 
 13.26 
 11.12 
 9.140001 
 8.21 
 10.76 
 10.43 
 13.75 
 37.91 
 41.85 
 44.67 
 50.57 
 50.34 
 49.54 
 56.93 
 60.16 
 57.47 
 71.68 
 97.28 
 62.09 
 59.97 
 51.18 
 51.48 
 66.08 
 86.39 
 93.58 
 99.9 
 93.86 
 82.82 
 84.83999 
 89.51 
 86.89 
 87.15 
 78.47 
 55.93 
 41.27 
 19.66 
 9.439999 
 4.66 
 2.36 
 1.72 
 3.32 
 12.13 
 16.81 
 24.3 
 52.42 
 58.05 
 59.42 
 57.52 
 60.13 
 64.68 
 74.94 
 69.73001 
 77.11 
 97.93 
 98.74 
 98.88 
 90.41001 
 77.86 
 61.48 
 47.66 
 30.74 
 20.11 
 12.08 
 8.97 
 20.03 
 71.54 
 97.51999 
 95.14 
 92.22 
 80.09 
 74.59 
 83.66001 
 87.36 
 96.63 
 93.36 
 94.7 
 99.66001 
 91.6 
 89.98001 
 99.39 
 99.46 
 99.37 
 99.51999 
 96.64 
 89.55 
 68.67 
 65.02 
 61.82 
 76.92 
 80.17 
 77.48001 
 82.34 
 74.11 
 69.03 
 79.48001 
 78.76 
 67.55 
 59.98 
 44.35 
 41.18 
 71.53 
 95.51999 
 93.48001 
 98.18 
 70.48001 
 77.63 
 88.11 
 93.15 
 99.01 
 93.31 
 81.21 
 79.63 
 80.67 
 85.63 
 88.66001 
 93.65 
 95.49 
 98.26999 
 86.19 
 79.69 
 72.26 
 35.06 
 20.98 
 29.67 
 42.09 
 52.96 
 69.45 
 76.86 
 86.19 
 96 
 96.07 
 86.85 
 76.66001 
 61.47 
 46.26 
 40.15 
 72.59 
 85.17 
 91.74 
 99.22 
 76.55 
 64.17 
 69.2 
 70.37 
 79.55 
 74.79 
 70.9 
 78.86 
 84.28 
 83.43 
 85.55 
 80.17 
 90.82 
 99.39 
 99.18 
 89.1 
 82.18 
 77.64 
 55.93 
 49.73 
 70.12 
 79.2 
 87.83 
 88.2 
 94.83 
 98.66001 
 94.83999 
 83.06 
 61.42 
 47.47 
 31.81 
 22.95 
 17.87 
