 .377 
 .246 
 .311 
 .104 
-.016 
 .235 
 .137 
 .191 
-.016 
 .29 
 .038 
-.016 
-.158 
 .366 
 .607 
-.355 
-.18 
 .268 
 .093 
 .027 
 .246 
 .202 
 .432 
 .617 
 .76 
 .891 
 .607 
 .574 
 .005 
 .475 
 .202 
-.027 
-.038 
 .716 
 .836 
 .891 
 .53 
 .53 
 .377 
-.235 
-.585 
-.18 
-.53 
-.464 
-.443 
 .049 
 .454 
 .257 
 .41 
 .224 
 .148 
-.432 
-.093 
-.268 
 .158 
-.06 
-.399 
 .235 
 .366 
 .202 
 .344 
-.038 
 .29 
-.126 
-.366 
-.115 
-.301 
-.486 
-.137 
 .738 
 .366 
 .366 
 .65 
 .628 
 .126 
 .169 
 .137 
-.257 
 .169 
-.093 
 .475 
 .639 
 .596 
 .749 
 .191 
 1 
 .486 
 .41 
 .158 
 .126 
 .06 
 .246 
 .738 
 .803 
 .421 
 .617 
 .705 
 .639 
 .454 
 .311 
 .355 
-.158 
-.038 
 .115 
 .137 
 .257 
 .115 
 .038 
 .082 
 .148 
 .06 
-.191 
-.607 
-.585 
-.268 
-.093 
-.093 
 .257 
-.005 
 .224 
 .169 
 .432 
 .202 
-.366 
-.661 
 .093 
-.716 
 .148 
-.093 
 .279 
 .432 
-.104 
 .607 
 .18 
 .071 
 .246 
-.432 
 .06 
-.388 
 .202 
-.104 
 .191 
 .475 
 .552 
 .169 
 .333 
-.005 
-.038 
-.126 
-.443 
-.016 
 .027 
 .333 
 .355 
 .344 
 .115 
 .311 
 .596 
 .005 
 .388 
-.5080001 
-.552 
-.858 
-.596 
 .06 
 .071 
 .224 
 .279 
 .322 
 .18 
 .126 
 .082 
 .126 
-.213 
-.235 
 .169 
 .388 
 .519 
 .126 
 .41 
 .738 
 .443 
 .596 
-.137 
-.486 
-.377 
 .268 
-.169 
-.213 
-.191 
 .377 
 .126 
 .311 
 .388 
 .388 
 .18 
-.333 
 .049 
-.082 
 .191 
 .399 
 .093 
 .005 
 .366 
 .333 
 .377 
 .071 
-.158 
-.541 
-.683 
-.683 
-.344 
-.301 
 .202 
-.126 
 .082 
 .115 
 .464 
 .104 
-.18 
-.672 
 .104 
-.486 
 .093 
 .279 
 .104 
 .18 
 .475 
 .53 
 .661 
 .355 
-.344 
-.038 
 .235 
 .486 
 .169 
 .333 
 .137 
 .169 
 .333 
 .705 
 .377 
 .585 
-.126 
-.213 
 .148 
-.126 
-.344 
-.5080001 
 .279 
 .082 
 .355 
 .082 
 .574 
 .355 
-.257 
-.377 
-.344 
-.65 
-.093 
-.137 
 .115 
 .705 
 .399 
 .366 
 .366 
 .038 
-.268 
 .322 
 .082 
 .082 
 .06 
 .268 
 .421 
 .77 
 .803 
 .661 
 .716 
 .628 
 .191 
 .53 
 .18 
-.464 
 .279 
 .355 
 .202 
 .552 
 .617 
 .104 
 .224 
 .432 
-.213 
-.967 
-1 
-.432 
-.683 
-.5080001 
-.137 
 .082 
-.06 
 .333 
 .355 
 .388 
-.06 
-.202 
 .005 
-.115 
 .137 
 .454 
 .388 
 .738 
 .77 
 .803 
 .836 
 .65 
 .005 
-.366 
 .071 
-.005 
-.454 
 .191 
 .432 
 .683 
 .388 
 .235 
-.093 
 .475 
-.082 
-.617 
-.093 
-.071 
 .432 
 .421 
 .497 
 .454 
 .596 
 .552 
 .607 
 .464 
-.301 
-.77 
-.65 
-.694 
-.137 
-.464 
-.246 
 .169 
-.202 
 .082 
 .607 
-.158 
-.454 
-.781 
-.388 
 .18 
 .06 
-.5080001 
-.268 
 .224 
 .115 
 .399 
 .027 
 .016 
-.377 
-.18 
-.038 
-.202 
 .137 
 .093 
-.279 
-.038 
 .235 
 .169 
 .399 
 .158 
-.541 
-.628 
 .027 
-.738 
-.913 
-.027 
 .071 
-.126 
 .049 
 .454 
 .301 
-.005 
-.093 
-.224 
-.213 
-.311 
-.235 
-.322 
 .322 
 .093 
 .115 
 .77 
 .607 
-.158 
-.235 
-.202 
-.333 
-.158 
-.224 
-.355 
 .005 
 .454 
 .41 
 .519 
 .541 
 .301 
-.574 
-.344 
-.279 
-.716 
-.869 
-.596 
-.29 
-.454 
-.246 
-.607 
-.563 
-.235 
-.246 
-.399 
-.333 
-.53 
-.049 
 .158 
 .115 
 .322 
 .115 
 .049 
 .454 
 .158 
-.421 
-.268 
-.311 
-.115 
-.322 
-.322 
 .126 
 .333 
 .519 
 .399 
 .519 
 .432 
 .355 
-.126 
-.5080001 
-.388 
 .388 
 .071 
